10
6
0
15
22
39
45
3
300
350
False
Elf
Rogue
39
40
2
20
3
5
20
33
6
20
39
6
20
46
7
20
43
9
20
32
10
20
33
10
20
19
11
20
31
11
20
41
11
20
40
12
20
48
12
20
47
13
20
25
15
20
40
16
20
47
16
20
42
17
20
47
17
20
26
18
20
37
18
20
16
19
20
15
20
20
33
22
20
20
23
20
41
24
20
43
24
20
46
25
20
24
26
20
49
26
20
17
27
20
19
27
20
21
27
20
23
27
20
27
28
20
35
28
20
48
28
20
21
31
20
31
31
20
358
1
6
10
0
